Oscilloscope data. 
Time step = 5,000 uS
Voltage step = 31,25 mV
Zero level = 123

N 	Smpl.	Trig

0	140	0
1	180	0
2	176	0
3	136	0
4	95	0
5	83	0
6	100	0
7	127	0
8	143	0
9	141	0
10	129	0
11	117	0
12	111	0
13	112	0
14	123	0
15	141	0
16	149	0
17	139	0
18	109	0
19	80	0
20	80	0
21	117	0
22	165	0
23	187	0
24	161	0
25	107	0
26	68	0
27	72	0
28	111	0
29	152	0
30	165	0
31	147	0
32	119	0
33	104	0
34	107	0
35	119	0
36	130	0
37	136	0
38	135	0
39	123	0
40	107	0
41	97	0
42	108	0
43	139	0
44	167	0
45	168	0
46	130	0
47	81	0
48	60	0
49	87	0
50	140	0
51	180	0
52	175	0
53	136	0
54	95	0
55	83	0
56	100	0
57	128	0
58	143	0
59	141	0
60	129	0
61	117	0
62	109	0
63	112	0
64	124	0
65	141	0
66	149	0
67	139	0
68	109	0
69	80	0
70	80	0
71	117	0
72	165	0
73	187	0
74	160	0
75	107	0
76	67	0
77	71	0
78	111	0
79	153	0
80	165	0
81	147	0
82	120	0
83	104	0
84	106	0
85	119	0
86	131	0
87	136	0
88	135	0
89	124	0
90	107	0
91	97	0
92	108	0
93	137	0
94	167	0
95	167	0
96	131	0
97	81	0
98	61	0
99	87	0
100	141	0
101	180	0
102	175	0
103	136	0
104	95	0
105	83	0
106	100	0
107	127	0
108	143	0
109	141	0
110	129	0
111	117	0
112	111	0
113	112	0
114	124	0
115	140	0
116	150	0
117	139	0
118	109	0
119	81	0
120	80	0
121	117	0
122	165	0
123	187	0
124	161	0
125	107	0
126	68	0
127	71	0
128	111	0
129	152	0
130	164	0
131	148	0
132	121	0
133	103	0
134	107	0
135	119	0
136	129	0
137	137	0
138	135	0
139	123	0
140	107	0
141	97	0
142	109	0
143	139	0
144	167	0
145	168	0
146	129	0
147	81	0
148	61	0
149	87	0
150	140	0
151	179	0
152	176	0
153	136	0
154	95	0
155	83	0
156	100	0
157	127	0
158	143	0
159	141	0
160	129	0
161	117	0
162	111	0
163	113	0
164	124	0
165	140	0
166	149	0
167	139	0
168	109	0
169	80	0
170	81	0
171	117	0
172	165	0
173	187	0
174	161	0
175	107	0
176	68	0
177	71	0
178	111	0
179	152	0
180	165	0
181	147	0
182	120	0
183	104	0
184	107	0
185	118	0
186	129	0
187	137	0
188	135	0
189	124	0
190	107	0
191	97	0
192	108	0
193	139	0
194	167	0
195	168	0
196	129	0
197	81	0
198	61	0
199	87	0
200	140	0
201	180	0
202	175	0
203	137	0
204	93	0
205	83	0
206	100	0
207	128	0
208	143	0
209	141	0
210	129	0
211	117	0
212	111	0
213	113	0
214	124	0
215	140	0
216	149	0
217	139	0
218	109	0
219	80	0
220	81	0
221	117	0
222	165	0
223	187	0
224	161	0
225	107	0
226	67	0
227	72	0
228	111	0
229	152	0
230	164	0
231	147	0
232	120	0
233	103	0
234	106	0
235	119	0
236	130	0
237	136	0
238	135	0
239	123	0
240	107	0
241	97	0
242	109	0
243	138	0
244	167	0
245	167	0
246	129	0
247	83	0
248	61	0
249	87	0
250	140	0
251	180	0
252	176	0
253	136	0
254	93	0
255	82	0
256	99	0
257	128	0
258	143	0
259	141	0
260	129	0
261	117	0
262	111	0
263	113	0
264	123	0
265	140	0
266	149	0
267	139	0
268	109	0
269	80	0
270	80	0
271	117	0
272	165	0
273	186	0
274	161	0
275	107	0
276	68	0
277	72	0
278	111	0
279	152	0
280	165	0
281	147	0
282	120	0
283	103	0
284	107	0
285	119	0
286	131	0
287	136	0
288	135	0
289	123	0
290	107	0
291	97	0
292	109	0
293	137	0
294	167	0
295	167	0
296	129	0
297	81	0
298	61	0
299	87	0
300	140	0
301	180	0
302	175	0
303	136	0
304	96	0
305	83	0
306	100	0
307	127	0
308	143	0
309	141	0
310	129	0
311	117	0
312	111	0
313	112	0
314	124	0
315	141	0
316	149	0
317	139	0
318	109	0
319	80	0
320	80	0
321	117	0
322	165	0
323	187	0
324	161	0
325	107	0
326	68	0
327	71	0
328	111	0
329	152	0
330	165	0
331	147	0
332	120	0
333	104	0
334	107	0
335	119	0
336	131	0
337	137	0
338	135	0
339	123	0
340	107	0
341	97	0
342	109	0
343	139	0
344	167	0
345	167	0
346	129	0
347	81	0
348	61	0
349	87	0
350	140	0
351	180	0
352	177	0
353	136	0
354	96	0
355	81	0
356	100	0
357	128	0
358	143	0
359	141	0
360	129	0
361	117	0
362	111	0
363	113	0
364	124	0
365	140	0
366	149	0
367	139	0
368	109	0
369	80	0
370	81	0
371	117	0
372	165	0
373	187	0
374	161	0
375	108	0
376	68	0
377	72	0
378	111	0
379	152	0
380	165	0
381	147	0
382	120	0
383	104	0
384	107	0
385	118	0
386	131	0
387	136	0
388	135	0
389	123	0
390	107	0
391	97	0
392	109	0
393	139	0
394	167	0
395	167	0
396	129	0
397	81	0
398	61	0
399	87	0
400	139	0
401	180	0
402	177	0
403	136	0
404	95	0
405	81	0
406	99	0
407	128	0
408	143	0
409	141	0
410	129	0
411	117	0
412	111	0
413	112	0
414	124	0
415	140	0
416	149	0
417	139	0
418	109	0
419	80	0
420	81	0
421	117	0
422	165	0
423	187	0
424	160	0
425	108	0
426	68	0
427	71	0
428	111	0
429	152	0
430	165	0
431	147	0
432	119	0
433	104	0
434	107	0
435	119	0
436	131	0
437	137	0
438	135	0
439	123	0
440	107	0
441	97	0
442	108	0
443	137	0
444	167	0
445	167	0
446	129	0
447	81	0
448	61	0
449	87	0
450	140	0
451	180	0
452	176	0
453	137	0
454	94	0
455	83	0
456	100	0
457	128	0
458	143	0
459	141	0
460	129	0
461	117	0
462	111	0
463	113	0
464	124	0
465	140	0
466	149	0
467	139	0
468	109	0
469	81	0
470	81	0
471	117	0
472	165	0
473	187	0
474	161	0
475	107	0
476	67	0
477	72	0
478	111	0
479	151	0
480	165	0
481	147	0
482	120	0
483	104	0
484	107	0
485	119	0
486	130	0
487	137	0
488	134	0
489	123	0
490	107	0
491	97	0
492	109	0
493	139	0
494	167	0
495	167	0
496	129	0
497	81	0
498	61	0
499	86	0
500	141	0
501	179	0
502	175	0
503	136	0
504	95	0
505	83	0
506	100	0
507	128	0
508	143	0
509	141	0
510	129	0
511	117	0
512	111	0
513	113	0
514	123	0
515	141	0
516	149	0
517	139	0
518	109	0
519	80	0
520	81	0
521	117	0
522	165	0
523	187	0
524	161	0
525	107	0
526	68	0
527	72	0
528	111	0
529	152	0
530	165	0
531	147	0
532	120	0
533	105	0
534	107	0
535	119	0
536	131	0
537	136	0
538	135	0
539	123	0
540	107	0
541	97	0
542	108	0
543	139	0
544	167	0
545	167	0
546	129	0
547	81	0
548	61	0
549	87	0
550	140	0
551	180	0
552	175	0
553	136	0
554	94	0
555	82	0
556	100	0
557	128	0
558	143	0
559	141	0
560	129	0
561	117	0
562	111	0
563	112	0
564	124	0
565	140	0
566	149	0
567	139	0
568	109	0
569	80	0
570	80	0
571	117	0
572	165	0
573	187	0
574	161	0
575	107	0
576	68	0
577	72	0
578	111	0
579	152	0
580	165	0
581	147	0
582	120	0
583	104	0
584	107	0
585	118	0
586	130	0
587	137	0
588	135	0
589	123	0
590	107	0
591	97	0
592	108	0
593	138	0
594	167	0
595	167	0
596	129	0
597	81	0
598	61	0
599	87	0
600	141	0
601	180	0
602	176	0
603	136	0
604	95	0
605	82	0
606	99	0
607	127	0
608	143	0
609	141	0
610	129	0
611	117	0
612	111	0
613	112	0
614	124	0
615	140	0
616	149	0
617	139	0
618	108	0
619	80	0
620	81	0
621	117	0
622	165	0
623	186	0
624	161	0
625	107	0
626	67	0
627	71	0
628	111	0
629	152	0
630	165	0
631	147	0
632	120	0
633	104	0
634	105	0
635	119	0
636	131	0
637	137	0
638	135	0
639	123	0
640	107	0
641	97	0
642	109	0
643	139	0
644	167	0
645	167	0
646	129	0
647	81	0
648	61	0
649	87	0
650	140	0
651	179	0
652	177	0
653	136	0
654	95	0
655	83	0
656	100	0
657	127	0
658	143	0
659	141	0
660	129	0
661	117	0
662	111	0
663	113	0
664	124	0
665	140	0
666	149	0
667	139	0
668	109	0
669	80	0
670	81	0
671	117	0
672	165	0
673	187	0
674	161	0
675	107	0
676	68	0
677	71	0
678	111	0
679	151	0
680	164	0
681	147	0
682	119	0
683	104	0
684	105	0
685	119	0
686	131	0
687	137	0
688	135	0
689	123	0
690	107	0
691	97	0
692	108	0
693	139	0
694	167	0
695	167	0
696	129	0
697	81	0
698	61	0
699	87	0
700	140	0
701	179	0
702	176	0
703	136	0
704	95	0
705	83	0
706	100	0
707	127	0
708	143	0
709	141	0
710	129	0
711	117	0
712	111	0
713	113	0
714	124	0
715	140	0
716	150	0
717	139	0
718	109	0
719	80	0
720	81	0
721	117	0
722	165	0
723	187	0
724	161	0
725	107	0
726	68	0
727	71	0
728	111	0
729	151	0
730	165	0
731	147	0
732	120	0
733	104	0
734	107	0
735	118	0
736	129	0
737	137	0
738	135	0
739	124	0
740	107	0
741	97	0
742	108	0
743	139	0
744	167	0
745	167	0
746	129	0
747	81	0
748	61	0
749	87	0
750	140	0
751	180	0
752	176	0
753	136	0
754	95	0
755	83	0
756	100	0
757	127	0
758	143	0
759	141	0
760	129	0
761	117	0
762	111	0
763	113	0
764	124	0
765	140	0
766	149	0
767	139	0
768	109	0
769	80	0
770	81	0
771	117	0
772	165	0
773	186	0
774	161	0
775	107	0
776	68	0
777	73	0
778	111	0
779	151	0
780	165	0
781	147	0
782	120	0
783	104	0
784	107	0
785	117	0
786	131	0
787	137	0
788	135	0
789	124	0
790	107	0
791	97	0
792	108	0
793	139	0
794	167	0
795	167	0
796	130	0
797	81	0
798	61	0
799	87	0
800	140	0
801	180	0
802	177	0
803	136	0
804	95	0
805	83	0
806	100	0
807	127	0
808	143	0
809	141	0
810	129	0
811	117	0
812	111	0
813	112	0
814	123	0
815	140	0
816	149	0
817	139	0
818	109	0
819	80	0
820	81	0
821	117	0
822	165	0
823	187	0
824	160	0
825	107	0
826	67	0
827	72	0
828	111	0
829	152	0
830	165	0
831	148	0
832	120	0
833	104	0
834	107	0
835	119	0
836	131	0
837	137	0
838	135	0
839	123	0
840	107	0
841	97	0
842	108	0
843	139	0
844	167	0
845	167	0
846	131	0
847	83	0
848	61	0
849	87	0
850	141	0
851	180	0
852	176	0
853	136	0
854	95	0
855	83	0
856	100	0
857	127	0
858	143	0
859	141	0
860	129	0
861	117	0
862	111	0
863	112	0
864	124	0
865	140	0
866	149	0
867	139	0
868	109	0
869	81	0
870	80	0
871	117	0
872	165	0
873	187	0
874	160	0
875	107	0
876	68	0
877	72	0
878	111	0
879	151	0
880	165	0
881	147	0
882	120	0
883	104	0
884	106	0
885	119	0
886	129	0
887	137	0
888	135	0
889	123	0
890	107	0
891	97	0
892	109	0
893	137	0
894	167	0
895	167	0
896	131	0
897	81	0
898	61	0
899	87	0
900	140	0
901	179	0
902	176	0
903	136	0
904	95	0
905	82	0
906	100	0
907	127	0
908	143	0
909	141	0
910	129	0
911	117	0
912	111	0
913	113	0
914	124	0
915	141	0
916	149	0
917	139	0
918	109	0
919	80	0
920	81	0
921	117	0
922	165	0
923	187	0
924	160	0
925	107	0
926	68	0
927	71	0
928	111	0
929	151	0
930	164	0
931	147	0
932	120	0
933	104	0
934	105	0
935	119	0
936	131	0
937	136	0
938	135	0
939	124	0
940	107	0
941	97	0
942	108	0
943	139	0
944	167	0
945	167	0
946	129	0
947	81	0
948	61	0
949	87	0
950	140	0
951	180	0
952	176	0
953	136	0
954	95	0
955	83	0
956	100	0
957	127	0
958	143	0
959	141	0
960	129	0
961	117	0
962	111	0
963	112	0
964	124	0
965	140	0
966	150	0
967	139	0
968	109	0
969	81	0
970	81	0
971	117	0
972	165	0
973	187	0
974	160	0
975	107	0
976	68	0
977	72	0
978	111	0
979	151	0
980	165	0
981	147	0
982	119	0
983	104	0
984	107	0
985	119	0
986	131	0
987	137	0
988	135	0
989	123	0
990	107	0
991	97	0
992	108	0
993	139	0
994	167	0
995	167	0
996	131	0
997	81	0
998	61	0
999	87	0
